130521 21 25
130522 24 30
130524 26 33
130525 36 48
130526 37 49
130527 44 60
130528 53 72
130530 55 75
130602 65 86
130604 69 90
130605 70 91
130608 79 102
130610 80 103
130611 85 108
130613 91 117
130614 93 119
130615 103 129
130616 110 137
130617 111 140
130618 112 143
130622 116 153
130625 122 162
130627 128 174
130628 131 182
130701 135 188
130705 137 191
130713 141 208
130724 145 217
130727 147 222
130728 148 226
130729 152 232
130806 159 257
130807 161 262
130808 162 265
130810 165 270
130811 170 276
130816 173 282
130817 176 288
130820 177 295
130827 182 308
130828 186 318
130829 191 331
130831 194 342
130902 200 351
130903 205 367
130905 208 379
130906 215 398
130908 217 403
130909 219 408
130910 225 422
130911 228 429
130912 235 440
130913 237 446
130914 240 455
130915 246 463
130916 249 469
130917 253 475
130919 259 500
130920 261 518
130921 262 521
130922 267 533
130923 271 552
130924 273 559
130925 279 572
130926 282 583
130927 287 596
130928 289 600
130929 291 606
130930 295 620
131001 298 627
131002 301 634
131003 306 645
131004 312 658
131005 314 663
131006 317 669
131007 318 677
131008 322 684
131009 324 691
131010 327 700
131011 331 709
131012 333 714
131014 337 720
131015 339 725
131016 342 733
131017 344 744
131018 347 751
131019 350 759
131020 354 772
131021 356 779
131022 359 788
131023 361 795
131024 366 807
131025 368 813
131026 369 822
131027 370 825
131028 372 832
131029 374 839
131030 379 849
131031 381 856
131101 384 867
131102 387 876
131103 391 888
131104 395 898
131105 397 908
131106 399 913
131107 401 920
131108 404 928
131109 407 936
131110 411 945
131111 413 956
131112 415 964
131113 418 971
131114 420 978
131115 425 988
131116 428 998
131117 432 1006
131118 435 1015
131119 437 1023
131120 441 1030
131121 445 1040
131122 448 1049
131123 452 1058
131124 455 1065
131125 459 1074
131126 461 1080
131127 464 1089
131128 467 1096
131129 471 1105
131130 475 1112
131201 478 1119
131202 481 1125
131203 483 1134
131204 487 1141
131205 491 1149
131206 493 1156
131207 496 1163
131208 499 1170
131209 501 1179
131210 504 1189
131211 507 1195
131212 510 1204
131213 512 1215
131214 515 1225
131215 517 1234
131216 520 1245
131217 524 1256
131218 527 1264
131219 529 1273
131220 532 1284
131221 536 1295
131223 542 1311
131225 547 1333
131226 551 1343
131227 554 1353
131228 557 1365
131229 559 1373
131230 564 1383
131231 567 1392
140101 570 1407
140102 573 1418
140103 577 1428
140104 580 1441
140105 583 1453
140106 587 1464
140107 589 1473
140108 592 1481
140109 595 1486
140110 598 1496
140111 601 1506
140112 605 1516
140113 606 1517
140114 614 1530
140115 617 1536
140116 619 1546
140117 623 1556
140118 626 1565
140119 629 1577
140120 633 1588
140121 636 1595
140123 642 1608
140124 646 1617
140126 651 1631
140127 653 1634
140129 656 1645
140130 659 1652
140131 662 1659
140201 666 1667
140202 669 1675
140203 673 1687
140204 677 1699
140205 680 1709
140206 682 1717
140207 684 1729
140208 687 1738
140209 690 1746
140210 694 1755
140211 698 1764
140212 701 1776
140213 704 1785
140214 707 1796
140215 710 1806
140216 713 1816
140217 716 1823
140218 720 1832
140219 723 1840
140220 727 1850
140221 731 1863
140222 734 1874
140224 740 1894
140225 743 1904
140226 746 1915
140227 749 1927
140228 752 1939
140301 755 1952
140302 758 1960
140303 760 1966
140304 762 1972
140305 764 1974
140306 767 1980
140307 770 1988
140308 773 1995
140309 776 1998
140310 778 2003
140311 781 2009
140312 784 2018
140313 787 2024
140314 790 2030
140315 794 2042
140316 797 2049
140317 799 2052
140318 801 2059
140319 803 2065
140320 805 2071
140321 807 2076
140322 810 2087
140323 813 2098
140324 814 2100
140326 817 2104
140327 820 2112
140328 823 2121
140329 827 2129
140330 828 2135
140331 830 2143
140402 834 2148
140403 836 2154
140404 838 2156
140405 841 2163
140409 842 2169
140410 844 2175
140412 847 2181
140413 850 2188
140414 853 2192
140415 854 2194
140416 856 2198
140418 860 2204
140419 862 2208
140420 864 2214
140421 867 2220
140423 869 2228
140424 873 2241
140425 874 2243
140426 878 2251
140427 880 2258
140429 883 2264
140502 887 2277
140503 892 2290
140504 896 2299
140505 897 2303
140507 901 2312
